100 3
100 29
101 51
101 70
102 98
102 100
103 41
103 102
104 68
104 92
105 19
105 40
106 62
106 79
107 5
107 80
108 34
108 60
109 12
109 103
110 18
110 45
111 20
111 72
112 9
112 31
113 63
113 97
114 55
114 96
115 24
115 95
116 61
116 113
117 28
117 87
118 48
118 114
119 32
119 106
120 39
120 46
121 26
121 93
122 59
122 104
123 23
123 25
124 64
124 71
125 6
125 56
126 37
126 111
127 7
127 11
128 21
128 35
129 54
129 107
130 75
130 120
131 84
131 90
132 67
132 77
133 42
133 118
134 91
134 121
135 83
135 110
136 4
136 131
137 108
137 119
138 38
138 117
139 66
139 74
140 44
140 65
141 16
141 69
142 50
142 125
143 123
143 127
144 76
144 130
145 10
145 132
146 126
146 137
147 47
147 142
148 27
148 133
149 8
149 89
150 15
150 58
151 112
151 136
152 52
152 148
153 43
153 78
154 22
154 134
155 88
155 129
156 53
156 82
157 73
157 146
158 57
158 141
159 105
159 154
160 101
160 157
161 2
161 150
162 1
162 147
163 144
163 145
164 115
164 124
165 116
165 160
166 0
166 156
167 30
167 138
168 14
168 143
169 140
169 158
170 49
170 166
171 36
171 153
172 85
172 86
173 128
173 149
174 159
174 163
175 13
175 135
176 151
176 155
177 17
177 99
178 81
178 162
179 94
179 175
180 174
180 177
181 33
181 172
182 165
182 168
183 122
183 178
184 139
184 169
185 173
185 181
186 167
186 182
187 171
187 176
188 179
188 185
189 152
189 184
190 109
190 180
191 164
191 189
192 161
192 170
193 186
193 190
194 183
194 192
195 187
195 188
196 193
196 194
197 191
197 195
198 196
198 197