100 11
100 35
101 55
101 72
102 98
102 100
103 70
103 92
104 59
104 96
105 26
105 45
106 30
106 95
107 46
107 102
108 63
108 74
109 62
109 103
110 17
110 37
111 5
111 25
112 64
112 66
113 13
113 81
114 47
114 104
115 4
115 108
116 50
116 80
117 52
117 114
118 65
118 116
119 67
119 73
120 14
120 18
121 32
121 91
122 2
122 107
123 27
123 44
124 90
124 113
125 54
125 109
126 60
126 71
127 7
127 79
128 28
128 40
129 23
129 49
130 84
130 111
131 10
131 61
132 93
132 121
133 15
133 19
134 9
134 16
135 6
135 120
136 12
136 110
137 0
137 57
138 51
138 77
139 112
139 118
140 3
140 101
141 69
141 76
142 33
142 117
143 58
143 124
144 78
144 99
145 42
145 88
146 34
146 38
147 115
147 140
148 83
148 137
149 126
149 129
150 56
150 142
151 43
151 145
152 8
152 48
153 24
153 127
154 85
154 89
155 97
155 146
156 1
156 132
157 29
157 105
158 68
158 136
159 31
159 133
160 94
160 130
161 75
161 123
162 135
162 138
163 82
163 125
164 139
164 147
165 86
165 87
166 106
166 119
167 143
167 154
168 22
168 131
169 41
169 152
170 161
170 164
171 156
171 157
172 151
172 155
173 53
173 148
174 20
174 160
175 39
175 165
176 128
176 134
177 141
177 158
178 36
178 171
179 153
179 162
180 21
180 170
181 178
181 179
182 168
182 176
183 167
183 169
184 159
184 172
185 144
185 181
186 175
186 182
187 149
187 150
188 177
188 187
189 180
189 184
190 174
190 186
191 163
191 173
192 166
192 185
193 122
193 190
194 189
194 192
195 183
195 193
196 191
196 195
197 188
197 196
198 194
198 197